     0/199     2.58G   0.08197   0.03309   0.02177    0.1368         9       640    0.3241    0.4594    0.3022   0.08052   0.06121   0.01898   0.01633
     1/199     6.47G   0.05481   0.02294   0.01173   0.08949        16       640    0.6868    0.6851    0.6882    0.2942   0.04737    0.0152  0.005474
     2/199     6.47G   0.04997   0.02037  0.007456    0.0778         9       640    0.7763    0.7837    0.7895    0.3428   0.04585   0.01421  0.004551
     3/199     6.47G   0.04653   0.01949  0.006282    0.0723         9       640    0.8659    0.7216    0.8192    0.4537   0.03856   0.01512  0.005319
     4/199     6.47G    0.0423   0.01886  0.005808   0.06696         5       640    0.8689    0.7443    0.8182    0.4431   0.03976   0.01478  0.004977
     5/199     6.47G   0.03978   0.01921  0.005699   0.06469        10       640    0.8675    0.7473    0.8233    0.4579     0.037    0.0138  0.006484
     6/199     6.47G   0.03664   0.01826  0.005196    0.0601         9       640    0.9299    0.7981    0.8767    0.5398   0.03287   0.01308  0.004333
     7/199     6.47G    0.0353   0.01769  0.004627   0.05761        24       640    0.9004    0.8333    0.8952    0.5342   0.03192   0.01272  0.003744
     8/199     6.47G   0.03412   0.01759  0.004532   0.05624        15       640    0.9076      0.85    0.9003    0.5614   0.03115   0.01266  0.003627
     9/199     6.47G   0.03328    0.0171   0.00447   0.05485        24       640    0.9264    0.8407     0.901    0.5758   0.03031   0.01223  0.003886
    10/199     6.47G   0.03293   0.01704  0.003973   0.05395        13       640    0.9411    0.8396    0.9037    0.5749   0.03044   0.01218  0.003731
    11/199     6.47G   0.03251    0.0165  0.003917   0.05293        11       640    0.9321    0.8491    0.9038    0.5863    0.0296   0.01221  0.003376
    12/199     6.47G   0.03205   0.01638  0.003855   0.05228         2       640    0.9186    0.8539    0.9068    0.5916   0.02956   0.01206  0.004167
    13/199     6.47G   0.03147   0.01666   0.00383   0.05196         8       640    0.9274    0.8443    0.9088    0.5953   0.02895   0.01188  0.003953
    14/199     6.47G   0.03117    0.0162  0.003336   0.05071         7       640     0.924    0.8364    0.9018    0.5897   0.02933   0.01206  0.004365
    15/199     6.47G   0.03107   0.01616  0.003575    0.0508        16       640    0.9174    0.8398     0.898    0.5903   0.02949    0.0122  0.004261
    16/199     6.47G   0.03063   0.01589  0.003665   0.05018         5       640    0.9357    0.8534    0.9117    0.5978   0.02876   0.01189  0.003814
    17/199     6.47G   0.03057   0.01593  0.003142   0.04964         9       640    0.9414    0.8413    0.9104    0.6033   0.02842   0.01194   0.00387
    18/199     6.47G    0.0302   0.01601  0.002992    0.0492         5       640    0.9539    0.8372    0.9121    0.6069   0.02833   0.01184  0.004099
    19/199     6.47G   0.03016   0.01573  0.003169   0.04906         9       640    0.9154    0.8682     0.913    0.6123    0.0279   0.01181  0.003892
    20/199     6.47G   0.02991   0.01574  0.003185   0.04884         6       640    0.9156    0.8639    0.9121    0.6045   0.02839   0.01183  0.003374
    21/199     6.47G   0.02979   0.01596  0.003215   0.04896         7       640    0.9112    0.8504    0.9043    0.6074   0.02811   0.01188  0.004173
    22/199     6.47G   0.02962   0.01588  0.003166   0.04866        10       640     0.932    0.8568    0.9125    0.6108   0.02809   0.01186  0.003482
    23/199     6.47G   0.02938   0.01549  0.002969   0.04784        19       640     0.929    0.8539    0.9103    0.6061   0.02815   0.01186  0.003636
    24/199     6.47G   0.02914   0.01548  0.002716   0.04733         8       640    0.9438     0.841    0.9102      0.61   0.02804   0.01175  0.003786
    25/199     6.47G   0.02917    0.0154  0.002747   0.04731        11       640    0.9283    0.8668     0.916    0.6131   0.02792   0.01161  0.004067
    26/199     6.47G   0.02935   0.01549   0.00288   0.04771         6       640    0.9142    0.8703    0.9149    0.6159   0.02778   0.01167  0.003792
    27/199     6.47G   0.02864   0.01548  0.002864   0.04698        11       640    0.9256    0.8621    0.9097    0.6085   0.02816   0.01184  0.004288
    28/199     6.47G   0.02904   0.01533  0.002728   0.04709         5       640    0.9495    0.8503    0.9167    0.6125   0.02749   0.01175  0.004113
    29/199     6.47G   0.02828   0.01527  0.002666   0.04622        21       640    0.9233    0.8665    0.9159    0.6116   0.02778   0.01171  0.004088
    30/199     6.47G   0.02877   0.01526  0.002752   0.04678         3       640    0.9326    0.8654    0.9179    0.6219   0.02759   0.01172  0.004006
    31/199     6.47G   0.02814   0.01529  0.002491   0.04592        10       640    0.9287    0.8651    0.9142    0.6185   0.02754   0.01155  0.003928
    32/199     6.47G   0.02845   0.01513  0.002585   0.04617        21       640    0.9408    0.8635    0.9233    0.6216   0.02733   0.01143  0.004047
    33/199     6.47G   0.02844   0.01508  0.002464   0.04598         6       640    0.9306    0.8741     0.922    0.6282   0.02712   0.01139  0.004041
    34/199     6.47G   0.02838   0.01502  0.002382   0.04579        17       640    0.9445    0.8514    0.9186    0.6236    0.0273   0.01158  0.004069
    35/199     6.47G   0.02785   0.01459  0.002473   0.04492         7       640    0.9349    0.8539    0.9156    0.6165   0.02752   0.01148  0.004355
    36/199     6.47G   0.02789   0.01495  0.002457    0.0453         9       640    0.9366     0.857    0.9188    0.6221   0.02739   0.01145   0.00412
    37/199     6.47G    0.0273    0.0146  0.002476   0.04437        12       640    0.9407    0.8626    0.9206    0.6247   0.02723   0.01148  0.004213
    38/199     6.47G   0.02788    0.0145  0.002215   0.04459         7       640    0.9258    0.8729    0.9219    0.6278   0.02687   0.01138  0.004103
    39/199     6.47G   0.02772   0.01465  0.002475   0.04484        27       640    0.9444    0.8491    0.9167    0.6224   0.02705   0.01142  0.004133
    40/199     6.47G   0.02763   0.01482  0.002156    0.0446         6       640    0.9232    0.8789    0.9207    0.6299    0.0268   0.01134  0.003974
    41/199     6.47G   0.02768   0.01495  0.002276    0.0449        10       640    0.9227    0.8664    0.9181    0.6253   0.02704   0.01149  0.004584
    42/199     6.47G   0.02742   0.01474  0.002198   0.04436         9       640    0.9405    0.8611    0.9206    0.6256     0.027   0.01142  0.004279
    43/199     6.47G   0.02674   0.01457   0.00216   0.04348         8       640    0.9377    0.8685    0.9228    0.6285   0.02688   0.01133  0.003755
    44/199     6.47G   0.02749   0.01482  0.002256   0.04456        11       640    0.9482    0.8618    0.9211     0.631   0.02681   0.01145  0.003748
    45/199     6.47G   0.02714   0.01452  0.002252   0.04391        10       640    0.9295    0.8752    0.9211    0.6319   0.02674   0.01124  0.004074
    46/199     6.47G   0.02702   0.01445   0.00214   0.04362         6       640    0.9284    0.8759    0.9216    0.6252    0.0269   0.01143  0.003749
    47/199     6.47G   0.02734   0.01461  0.002205   0.04416        12       640    0.9319    0.8721    0.9207    0.6275   0.02672   0.01141  0.004405
    48/199     6.47G   0.02721   0.01481  0.001997   0.04402         9       640    0.9455    0.8599    0.9224    0.6353   0.02651   0.01139  0.004183
    49/199     6.47G   0.02671   0.01438  0.002306   0.04339        12       640    0.9315    0.8812    0.9266    0.6364   0.02663   0.01138  0.003586
    50/199     6.47G   0.02678   0.01467  0.002282   0.04373         6       640    0.9415    0.8686    0.9269    0.6363   0.02653   0.01131  0.003594
    51/199     6.47G   0.02721   0.01443  0.002286   0.04393         8       640    0.9384    0.8678    0.9206    0.6302   0.02669   0.01136  0.004098
    52/199     6.47G   0.02649   0.01419   0.00202    0.0427         9       640      0.94    0.8678    0.9243    0.6332   0.02645   0.01122   0.00419
    53/199     6.47G   0.02659   0.01449   0.00194   0.04302        16       640    0.9261    0.8821    0.9243    0.6364   0.02664   0.01123  0.004248
    54/199     6.47G   0.02677   0.01433  0.002027   0.04313         4       640    0.9344    0.8862    0.9258    0.6345   0.02661   0.01126  0.004001
    55/199     6.47G   0.02634    0.0144  0.001856    0.0426         2       640    0.9413    0.8668    0.9195    0.6306   0.02652   0.01124  0.004426
    56/199     6.47G   0.02647   0.01404   0.00193   0.04243         6       640    0.9312    0.8834     0.926    0.6357   0.02654   0.01125  0.004475
    57/199     6.47G   0.02645   0.01394  0.001935   0.04233         4       640    0.9476    0.8654    0.9243    0.6339   0.02659   0.01125  0.004463
    58/199     6.47G   0.02682   0.01458  0.001826   0.04322        33       640    0.9367    0.8756    0.9251    0.6356   0.02648   0.01135  0.004056
    59/199     6.47G    0.0257   0.01391  0.001923   0.04154         8       640    0.9381    0.8767    0.9259    0.6326   0.02639    0.0112  0.004288
    60/199     6.47G   0.02613   0.01403  0.001867   0.04203         7       640    0.9278    0.8819    0.9249     0.635   0.02636   0.01134  0.004274
    61/199     6.47G   0.02605   0.01432  0.001799   0.04216         5       640    0.9393    0.8746    0.9256    0.6385    0.0265   0.01131   0.00436
    62/199     6.47G   0.02631   0.01411  0.001975    0.0424         6       640    0.9326    0.8797    0.9259    0.6378   0.02629   0.01128  0.004185
    63/199     6.47G   0.02648   0.01414  0.001875   0.04249         4       640    0.9335    0.8735    0.9236    0.6358   0.02628   0.01125  0.004326
    64/199     6.47G    0.0261    0.0138  0.001815   0.04172         9       640    0.9446    0.8719    0.9254    0.6361   0.02626   0.01138  0.004142
    65/199     6.47G   0.02596   0.01398  0.001839   0.04177        28       640    0.9353    0.8809    0.9279    0.6378    0.0263   0.01133  0.003947
    66/199     6.47G   0.02604   0.01398  0.001678    0.0417        12       640    0.9462    0.8698     0.926    0.6374    0.0263   0.01122  0.004137
    67/199     6.47G   0.02544   0.01374  0.001881   0.04106         6       640    0.9323    0.8852    0.9284    0.6386   0.02633   0.01126  0.003826
    68/199     6.47G   0.02576   0.01379  0.001705   0.04126         2       640    0.9327    0.8837    0.9259    0.6396   0.02621   0.01118  0.003996
    69/199     6.47G   0.02581   0.01385  0.001752    0.0414         9       640    0.9333    0.8796    0.9276    0.6398   0.02618    0.0112  0.003971
    70/199     6.47G   0.02554   0.01418  0.001771   0.04149        15       640    0.9416    0.8767    0.9266    0.6382   0.02619   0.01126  0.003985
    71/199     6.47G   0.02525   0.01356  0.001698   0.04052         4       640    0.9418    0.8756    0.9255    0.6369   0.02624   0.01125  0.003927
    72/199     6.47G   0.02531   0.01359  0.001726   0.04062         8       640    0.9496    0.8677    0.9257    0.6398   0.02621   0.01123  0.004162
    73/199     6.47G   0.02525   0.01362  0.001737   0.04061        58       640     0.946    0.8717    0.9269    0.6386   0.02617    0.0113  0.004224
    74/199     6.47G   0.02531   0.01388  0.001691   0.04088         8       640    0.9336    0.8807    0.9236     0.637   0.02627   0.01135  0.004365
    75/199     6.47G   0.02532   0.01388  0.001529   0.04073         8       640    0.9421    0.8722    0.9241    0.6363   0.02618   0.01126  0.004463
    76/199     6.47G   0.02519   0.01381   0.00186   0.04086         6       640    0.9359    0.8762    0.9244    0.6373   0.02617   0.01125  0.004377
    77/199     6.47G   0.02503   0.01373   0.00166   0.04042         3       640    0.9313    0.8852    0.9276      0.64   0.02603   0.01131  0.004079
    78/199     6.47G    0.0252   0.01377  0.001472   0.04044         7       640    0.9217    0.8927    0.9267    0.6385   0.02611   0.01136  0.004336
    79/199     6.47G   0.02493    0.0135  0.001685   0.04011         6       640    0.9469    0.8766    0.9308    0.6403   0.02599   0.01125  0.004109
    80/199     6.47G   0.02467   0.01365  0.001544   0.03987        13       640    0.9419    0.8809    0.9278    0.6396   0.02607   0.01129  0.004046
    81/199     6.47G   0.02497    0.0137  0.001483   0.04016        18       640    0.9444    0.8808    0.9281    0.6417   0.02591    0.0113  0.004212
    82/199     6.47G   0.02466   0.01343  0.001468   0.03956        13       640     0.936    0.8869    0.9274    0.6402   0.02598    0.0113   0.00421
    83/199     6.47G   0.02462   0.01366  0.001489   0.03976         2       640    0.9298     0.889    0.9273    0.6412   0.02598   0.01128  0.004317
    84/199     6.47G   0.02486   0.01346  0.001574   0.03989         5       640    0.9358    0.8789    0.9289    0.6428   0.02587   0.01124  0.004312
    85/199     6.47G   0.02441    0.0131  0.001524   0.03904         6       640     0.936    0.8848    0.9287     0.644   0.02585   0.01124  0.004235
    86/199     6.47G   0.02423   0.01334  0.001384   0.03896         9       640    0.9261    0.8942    0.9292    0.6422   0.02593    0.0113  0.004379
    87/199     6.47G   0.02435   0.01338  0.001565   0.03929         8       640    0.9357    0.8838    0.9276    0.6421   0.02601   0.01129  0.004415
    88/199     6.47G   0.02466   0.01339   0.00141   0.03945         3       640    0.9432    0.8801    0.9288    0.6411   0.02606   0.01126  0.004298
    89/199     6.47G   0.02479   0.01362  0.001568   0.03998         7       640     0.942    0.8778    0.9289    0.6431   0.02593   0.01125  0.004416
    90/199     6.47G   0.02439   0.01338  0.001481   0.03925         3       640    0.9393    0.8803    0.9276    0.6443   0.02588   0.01122  0.004393
    91/199     6.47G   0.02424   0.01332  0.001372   0.03893        10       640    0.9436    0.8773     0.929    0.6429   0.02588   0.01127  0.004634
    92/199     6.47G    0.0242    0.0132  0.001419   0.03882        18       640    0.9344    0.8866    0.9272    0.6412   0.02587   0.01134  0.004432
    93/199     6.47G     0.024   0.01306  0.001343   0.03841        10       640      0.94    0.8818    0.9279    0.6425   0.02589   0.01134   0.00444
    94/199     6.47G   0.02413   0.01321  0.001385   0.03872        10       640    0.9376    0.8845    0.9277    0.6408   0.02581   0.01138  0.004538
    95/199     6.47G   0.02405   0.01306  0.001387    0.0385         9       640    0.9407    0.8818    0.9293    0.6411    0.0259    0.0114  0.004577
    96/199     6.47G   0.02378   0.01307   0.00142   0.03828         7       640    0.9333    0.8882    0.9305    0.6411   0.02595   0.01136  0.004429
    97/199     6.47G   0.02428   0.01325  0.001254   0.03878         4       640    0.9457    0.8731     0.929    0.6413   0.02599   0.01136   0.00467
    98/199     6.47G   0.02359   0.01285  0.001381   0.03782         6       640    0.9421    0.8775    0.9298    0.6437   0.02594    0.0114  0.004792
    99/199     6.47G   0.02439   0.01339  0.001376   0.03916        14       640    0.9482     0.877    0.9281    0.6424   0.02591   0.01133  0.004959
   100/199     6.47G    0.0234   0.01306  0.001377   0.03784        13       640    0.9421    0.8775    0.9261    0.6421    0.0259   0.01136  0.004916
   101/199     6.47G   0.02378   0.01291   0.00133   0.03802        10       640    0.9364     0.886    0.9261    0.6412   0.02585   0.01138   0.00473
   102/199     6.47G   0.02357   0.01276  0.001201   0.03753        32       640    0.9393    0.8792    0.9272    0.6434    0.0259   0.01139  0.004693
   103/199     6.47G   0.02322   0.01264  0.001173   0.03703        19       640    0.9387    0.8781    0.9281    0.6433   0.02589   0.01139  0.004572
   104/199     6.47G   0.02327   0.01286  0.001272    0.0374        20       640     0.939     0.881    0.9283     0.644   0.02587   0.01137    0.0045
   105/199     6.47G   0.02364   0.01317  0.001408   0.03821         5       640    0.9336    0.8869    0.9297    0.6453   0.02586   0.01139   0.00442
   106/199     6.47G   0.02347   0.01305  0.001208   0.03772        13       640    0.9321    0.8889    0.9283     0.644   0.02589   0.01141  0.004524
   107/199     6.47G   0.02315   0.01284  0.001339   0.03734         8       640    0.9391     0.884     0.929    0.6428    0.0259   0.01144   0.00444
   108/199     6.47G   0.02305   0.01267  0.001223   0.03694         6       640     0.945    0.8809    0.9307    0.6445   0.02591   0.01144  0.004334
   109/199     6.47G   0.02297   0.01287  0.001212   0.03705        10       640    0.9455    0.8835    0.9306     0.643    0.0259   0.01146  0.004363
   110/199     6.47G   0.02307   0.01268   0.00117   0.03692         7       640    0.9401    0.8906    0.9314     0.642   0.02591   0.01147  0.004486
   111/199     6.47G   0.02272   0.01269  0.001224   0.03663        11       640    0.9494    0.8834    0.9318    0.6438   0.02588   0.01145  0.004457
   112/199     6.47G    0.0223   0.01241   0.00118   0.03589         8       640    0.9437    0.8869    0.9313    0.6436   0.02585   0.01144  0.004541
   113/199     6.47G   0.02322   0.01273  0.001261   0.03721         7       640    0.9378    0.8896    0.9314    0.6432   0.02585   0.01144  0.004543
   114/199     6.47G   0.02275   0.01256  0.001137   0.03645        11       640    0.9405    0.8887    0.9308     0.642   0.02588   0.01145  0.004619
   115/199     6.47G   0.02228   0.01255  0.001078   0.03591        10       640    0.9404    0.8896    0.9307    0.6424   0.02587   0.01144  0.004676
   116/199     6.47G   0.02265    0.0128    0.0011   0.03655        11       640     0.937    0.8894    0.9305    0.6423   0.02588   0.01147  0.004763
   117/199     6.47G     0.023   0.01261  0.001163   0.03677         9       640    0.9494    0.8775    0.9309    0.6428   0.02586   0.01148  0.004798
   118/199     6.47G   0.02248   0.01252  0.001158   0.03616         9       640    0.9333    0.8908    0.9311    0.6439   0.02588   0.01151  0.004859
   119/199     6.47G   0.02259   0.01249  0.001109   0.03619        13       640    0.9352     0.889    0.9303    0.6428   0.02589   0.01152  0.004901
   120/199     6.47G   0.02232   0.01214  0.001091   0.03555         9       640    0.9376    0.8868    0.9297    0.6436    0.0259   0.01154  0.004955
   121/199     6.47G   0.02302   0.01244  0.001057   0.03652        10       640     0.951    0.8747    0.9302     0.643   0.02591   0.01155   0.00504
   122/199     6.47G   0.02253   0.01236  0.001136   0.03602         7       640    0.9341    0.8879    0.9296    0.6421    0.0259   0.01157   0.00503
   123/199     6.47G   0.02213   0.01215  0.001081   0.03536         9       640    0.9436    0.8812    0.9291    0.6429    0.0259    0.0116  0.005006
   124/199     6.47G   0.02239   0.01252 0.0009794   0.03588         9       640    0.9337    0.8886    0.9278    0.6416    0.0259   0.01161  0.005033
   125/199     6.47G   0.02225   0.01221   0.00102   0.03548         9       640    0.9378    0.8848    0.9281     0.642   0.02591   0.01164  0.005059
   126/199     6.47G   0.02198   0.01221  0.001011   0.03521        12       640    0.9434    0.8809     0.928    0.6415    0.0259   0.01165  0.005076
   127/199     6.47G   0.02159   0.01208  0.001103   0.03478        22       640    0.9469    0.8771    0.9286    0.6424   0.02589   0.01165  0.005057
   128/199     6.47G   0.02212   0.01233  0.001038   0.03549        12       640    0.9404    0.8842    0.9282    0.6411   0.02588   0.01165  0.005053
   129/199     6.47G   0.02185   0.01206  0.001018   0.03493        13       640     0.939    0.8863    0.9285    0.6417   0.02588   0.01166   0.00502
   130/199     6.47G   0.02186   0.01218  0.001065    0.0351         7       640    0.9462    0.8809    0.9276    0.6416   0.02589   0.01167   0.00501
   131/199     6.47G   0.02201   0.01221   0.00112   0.03534         6       640    0.9477      0.88    0.9286    0.6416   0.02591   0.01167  0.004987
   132/199     6.47G   0.02175   0.01203  0.001094   0.03487        10       640    0.9412    0.8851    0.9288    0.6414   0.02592   0.01168  0.004952
   133/199     6.47G   0.02178   0.01219 0.0009716   0.03495         4       640    0.9411    0.8853    0.9288     0.641   0.02592    0.0117  0.004927
   134/199     6.47G   0.02176   0.01224  0.001002     0.035         5       640    0.9401    0.8843    0.9283    0.6405   0.02592   0.01171  0.004899
   135/199     6.47G    0.0214   0.01184 0.0009336   0.03418         2       640    0.9408    0.8845    0.9293    0.6405   0.02593   0.01171  0.004883
   136/199     6.47G   0.02128   0.01176 0.0009367   0.03398         5       640    0.9435    0.8825    0.9288    0.6413   0.02594   0.01173  0.004864
   137/199     6.47G    0.0214   0.01183 0.0009997   0.03424        17       640    0.9367    0.8876     0.928     0.641   0.02593   0.01174  0.004855
   138/199     6.47G   0.02115   0.01164  0.000926   0.03372        13       640    0.9355    0.8896    0.9279    0.6407   0.02593   0.01176  0.004871
   139/199     6.47G   0.02117   0.01169 0.0009717   0.03382         8       640    0.9356    0.8898     0.928    0.6414   0.02593   0.01176  0.004881
   140/199     6.47G   0.02121   0.01202 0.0009542   0.03419        11       640    0.9384    0.8862    0.9283    0.6409   0.02592   0.01177  0.004894
   141/199     6.47G   0.02117   0.01163  0.000909    0.0337         6       640    0.9357    0.8873    0.9278    0.6414   0.02592   0.01179  0.004918
   142/199     6.47G   0.02144   0.01174 0.0009406   0.03411         4       640    0.9391    0.8855    0.9281    0.6416   0.02592    0.0118   0.00494
   143/199     6.47G   0.02109   0.01175 0.0009418   0.03378        11       640    0.9397    0.8851    0.9282    0.6415   0.02592   0.01182  0.004939
   144/199     6.47G   0.02101   0.01148 0.0009044   0.03339         4       640      0.94    0.8865    0.9294     0.641   0.02592   0.01183  0.004959
   145/199     6.47G   0.02091   0.01162 0.0009523   0.03348        15       640    0.9399    0.8854     0.929    0.6403   0.02592   0.01184   0.00498
   146/199     6.47G   0.02099    0.0115 0.0008759   0.03336        13       640    0.9386    0.8856    0.9288    0.6405   0.02593   0.01186  0.004987
   147/199     6.47G   0.02108   0.01152  0.001034   0.03362         8       640    0.9424    0.8829    0.9285    0.6404   0.02594   0.01187   0.00499
   148/199     6.47G   0.02079   0.01174 0.0008909   0.03343        10       640    0.9444    0.8813     0.928    0.6403   0.02595   0.01188  0.005006
   149/199     6.47G   0.02055   0.01147  0.000884   0.03291        20       640    0.9435    0.8823    0.9284    0.6407   0.02595    0.0119  0.005013
   150/199     6.47G   0.02026   0.01162 0.0008838   0.03276         6       640    0.9391    0.8861    0.9285    0.6402   0.02595   0.01191  0.005035
   151/199     6.47G   0.02067   0.01169 0.0008297   0.03319        26       640    0.9378    0.8876    0.9287    0.6403   0.02596   0.01192  0.005043
   152/199     6.47G   0.02053   0.01149 0.0008509   0.03287         9       640     0.939     0.887    0.9289    0.6404   0.02597   0.01193  0.005055
   153/199     6.47G   0.02037   0.01132 0.0009705   0.03266         7       640    0.9376    0.8872    0.9286    0.6401   0.02598   0.01195  0.005054
   154/199     6.47G   0.02074   0.01142 0.0008966   0.03306        18       640    0.9368    0.8871    0.9284    0.6397   0.02599   0.01196  0.005064
   155/199     6.47G   0.02052   0.01148 0.0008013   0.03279         5       640    0.9448    0.8809    0.9291    0.6399   0.02599   0.01197  0.005072
   156/199     6.47G   0.02021   0.01135 0.0007399    0.0323        10       640    0.9355    0.8879    0.9292    0.6398     0.026   0.01198  0.005085
   157/199     6.47G   0.02008   0.01117 0.0008597   0.03212         6       640    0.9397    0.8846    0.9295    0.6396   0.02601   0.01199  0.005103
   158/199     6.47G   0.02046   0.01163 0.0007928   0.03288        10       640    0.9373    0.8869    0.9294    0.6392   0.02601     0.012   0.00512
   159/199     6.47G   0.02044   0.01132 0.0008061   0.03257        14       640    0.9412    0.8847    0.9291    0.6391   0.02601   0.01201  0.005126
   160/199     6.47G   0.01993   0.01128 0.0007995     0.032        14       640    0.9415    0.8845    0.9292     0.639   0.02602   0.01202  0.005125
   161/199     6.47G   0.02012    0.0112 0.0008011   0.03211         5       640    0.9351    0.8894    0.9289    0.6387   0.02602   0.01203  0.005133
   162/199     6.47G   0.01976   0.01123  0.000891   0.03188         7       640    0.9413    0.8838    0.9285    0.6387   0.02603   0.01204  0.005137
   163/199     6.47G   0.01999   0.01114 0.0008675   0.03199         8       640    0.9411    0.8835    0.9286    0.6388   0.02604   0.01205  0.005133
   164/199     6.47G   0.02008   0.01135 0.0008027   0.03224         6       640    0.9417     0.883    0.9283    0.6387   0.02604   0.01205  0.005137
   165/199     6.47G   0.01994   0.01104 0.0008485   0.03183         6       640    0.9425    0.8823     0.928    0.6384   0.02605   0.01206  0.005143
   166/199     6.47G   0.01974   0.01117 0.0009071   0.03182        12       640     0.943    0.8825    0.9283     0.638   0.02605   0.01207  0.005142
   167/199     6.47G   0.01967   0.01133 0.0008019    0.0318         8       640    0.9385    0.8872    0.9283    0.6383   0.02606   0.01208  0.005151
   168/199     6.47G   0.02002   0.01131 0.0008602   0.03219         3       640    0.9373    0.8875    0.9283    0.6382   0.02606   0.01209  0.005163
   169/199     6.47G   0.01984   0.01125 0.0008473   0.03193        13       640    0.9388    0.8861    0.9281    0.6378   0.02607   0.01209  0.005176
   170/199     6.47G   0.01943   0.01094 0.0006716   0.03104         3       640    0.9383    0.8861    0.9279    0.6377   0.02607    0.0121  0.005184
   171/199     6.47G   0.01947   0.01091 0.0007915   0.03117         7       640    0.9379    0.8863     0.928    0.6379   0.02607   0.01211  0.005187
   172/199     6.47G   0.01971   0.01111 0.0008644   0.03169         9       640    0.9418    0.8825    0.9281     0.638   0.02607   0.01211  0.005188
   173/199     6.47G    0.0196   0.01089 0.0006803   0.03117        11       640    0.9423     0.882     0.928    0.6375   0.02608   0.01212  0.005197
   174/199     6.47G   0.01942   0.01075 0.0007344   0.03091         8       640    0.9419    0.8825    0.9281    0.6377   0.02608   0.01212    0.0052
   175/199     6.47G   0.01934   0.01079 0.0007608   0.03089         8       640    0.9475     0.878    0.9282    0.6377   0.02608   0.01213    0.0052
   176/199     6.47G   0.01926   0.01106 0.0008104   0.03113        42       640    0.9473    0.8778    0.9283    0.6377   0.02608   0.01213  0.005198
   177/199     6.47G   0.01935   0.01097  0.000787   0.03111         8       640    0.9425    0.8823    0.9283    0.6377   0.02609   0.01214    0.0052
   178/199     6.47G   0.01948   0.01098 0.0007829   0.03124         8       640    0.9524    0.8734    0.9283    0.6379   0.02609   0.01215   0.00521
   179/199     6.47G   0.01907   0.01082 0.0007229    0.0306         9       640    0.9479    0.8774    0.9285    0.6377   0.02609   0.01215  0.005222
   180/199     6.47G   0.01905    0.0109 0.0006426   0.03059         6       640    0.9459    0.8795    0.9285    0.6373   0.02609   0.01216  0.005225
   181/199     6.47G   0.01931   0.01094 0.0006974   0.03095        10       640    0.9465    0.8789    0.9284     0.638    0.0261   0.01216  0.005225
   182/199     6.47G   0.01914   0.01056 0.0007073   0.03042         5       640     0.942    0.8821    0.9284    0.6377    0.0261   0.01217  0.005229
   183/199     6.47G   0.01916   0.01082 0.0007567   0.03074        10       640    0.9462    0.8788    0.9282    0.6381    0.0261   0.01217  0.005231
   184/199     6.47G   0.01892   0.01073 0.0006806   0.03032         3       640    0.9456    0.8795    0.9282    0.6376    0.0261   0.01218  0.005235
   185/199     6.47G   0.01908   0.01088 0.0007207   0.03068         5       640    0.9439    0.8808    0.9282    0.6372    0.0261   0.01218   0.00524
   186/199     6.47G   0.01868   0.01054 0.0007429   0.02996         3       640    0.9437    0.8806    0.9282    0.6371    0.0261   0.01219  0.005242
   187/199     6.47G   0.01878   0.01063 0.0006787   0.03009         8       640    0.9442    0.8805    0.9282    0.6378   0.02611    0.0122  0.005246
   188/199     6.47G   0.01901   0.01083 0.0007368   0.03058         5       640    0.9424    0.8819    0.9282    0.6375   0.02611    0.0122   0.00525
   189/199     6.47G   0.01895    0.0107 0.0006573   0.03031         9       640    0.9425    0.8823    0.9282    0.6372   0.02611    0.0122  0.005251
   190/199     6.47G   0.01868   0.01049 0.0007074   0.02988         5       640    0.9424    0.8818    0.9281    0.6372   0.02612   0.01221  0.005248
   191/199     6.47G   0.01868   0.01064 0.0007111   0.03003        12       640    0.9421    0.8821    0.9278    0.6373   0.02612   0.01222  0.005247
   192/199     6.47G   0.01866   0.01082 0.0006861   0.03016        11       640     0.942    0.8821    0.9279    0.6371   0.02612   0.01222  0.005247
   193/199     6.47G   0.01884   0.01079  0.000747   0.03037        13       640    0.9421    0.8823    0.9279    0.6369   0.02613   0.01223  0.005249
   194/199     6.47G    0.0187   0.01073 0.0006489   0.03009        10       640    0.9421    0.8823    0.9276    0.6368   0.02613   0.01223   0.00525
   195/199     6.47G   0.01904   0.01101 0.0006762   0.03073        10       640    0.9423    0.8825     0.928    0.6372   0.02613   0.01224  0.005252
   196/199     6.47G    0.0188   0.01059 0.0006583   0.03004        18       640    0.9425    0.8826    0.9282    0.6374   0.02613   0.01224  0.005252
   197/199     6.47G   0.01866   0.01058 0.0006692   0.02991        10       640    0.9423    0.8826    0.9282    0.6368   0.02613   0.01224  0.005254
   198/199     6.47G   0.01879   0.01053 0.0007171   0.03003         9       640    0.9368    0.8877    0.9284    0.6365   0.02613   0.01225  0.005253
   199/199     6.47G   0.01875   0.01076 0.0008052   0.03031         7       640    0.9369    0.8871    0.9281    0.6366   0.02614   0.01225  0.005256
